.Random.seed <-
c(403L, 20L, 1815103662L, 1573734664L, 2059089675L, -1767386647L, 
887314104L, 110911846L, -406920703L, 1559256211L, -1639184574L, 
-662218508L, 335058167L, -1515672339L, 1806761860L, -1203203670L, 
-1172322539L, 1055937967L, 131481014L, 652805088L, 403540771L, 
396422209L, 1889394480L, -1015624370L, -2057973831L, 960612811L, 
1308764794L, -1953620100L, 1222504383L, -848504683L, -508442964L, 
68883586L, 1548293213L, 1069005655L, 1141286462L, -470160776L, 
1511127387L, 2057353401L, -260507384L, 1868868534L, 659712241L, 
-347013341L, 30140786L, -1182098492L, -711420025L, 328023389L, 
-1365060780L, 1169017210L, -215628603L, 1307538975L, -1297849946L, 
-1000533200L, 1564303827L, -1697888271L, -1033527008L, 1515634622L, 
-1581396023L, -1842495621L, -1932507830L, 1353699756L, 1126288559L, 
-865577371L, 1182117404L, 2075345010L, -1742088467L, 1591204647L, 
-1345382578L, -2136137816L, 673352619L, -1236105015L, -1717251880L, 
-1611297402L, 1899127905L, -1818024461L, 1735189602L, 1725080276L, 
2059166679L, -233276979L, -1226363548L, -1351218870L, -1013591883L, 
-428132337L, -737144554L, -936219712L, -1883101309L, -951892575L, 
-556103280L, -1783532946L, -219405287L, -624863061L, 247213210L, 
-880743332L, -931104417L, 2015513397L, 253480652L, 1833548834L, 
-2002485635L, -1180646537L, 1278172318L, -944772264L, -1429975365L, 
559820889L, -903597080L, 614209046L, 797014417L, 435231299L, 
-622225070L, 55152100L, 1253626919L, 1324236925L, 245239156L, 
1030906202L, -932214875L, 1113761727L, 1557306438L, -555775280L, 
-1017957133L, 540414481L, 251749440L, 1412761630L, -350030103L, 
-728980453L, 2129718314L, -1405808820L, -807955185L, -1431463867L, 
-1801780740L, 413864018L, 325884365L, -1329648761L, 871439982L, 
-507556280L, -1070831541L, 1079419305L, 1317182712L, 386271270L, 
1924610369L, 609998547L, 1204862594L, -527260492L, 1133313079L, 
-192331987L, -231310268L, -539500182L, 2063228373L, -1110410385L, 
-774798730L, -7973472L, 733012579L, 1145324289L, 1895848560L, 
1180431886L, 988569209L, 1381370379L, 887833402L, -1958356420L, 
211294591L, -570248491L, 687842028L, -1546095550L, -1499173987L, 
-580304361L, 1893308286L, -816024264L, -1816272357L, -411006087L, 
1246318024L, 237883894L, -122477519L, 1138636387L, 319711794L, 
-691366012L, -1631091257L, 1164610717L, 1208372244L, 74590906L, 
-730944763L, 822669535L, 230115686L, -794215184L, -798758893L, 
-1875067471L, 50026592L, -1778141698L, 564969865L, -491227461L, 
867775114L, 850038124L, -51881233L, -515267291L, 1938363356L, 
-1837145678L, -377372499L, -947335065L, 664926094L, 559333480L, 
-671724437L, -138947063L, 1894676632L, -1345625146L, -116984031L, 
-2000399437L, -1214964958L, -1034121964L, 1998290327L, -1552292467L, 
-1736579932L, -2057599350L, 1118977269L, -1806720177L, 1900657750L, 
1090567936L, -661890493L, 1429258721L, -1480243888L, 1458150318L, 
-153167527L, -790599829L, -1040124198L, 851023772L, -1944327265L, 
-69135883L, -2118294388L, -1013854878L, -138051267L, -669308489L, 
1433456222L, 742786968L, -619075845L, -1279504800L, 1985701516L, 
-729659552L, -1393349918L, -331583320L, 1166519500L, 183042556L, 
104894386L, 1781926384L, -1367550524L, -1875158184L, -327749766L, 
-960920144L, -2071108L, 1238492244L, 1423022018L, -1467238624L, 
915925948L, -1899133360L, 78563810L, -160103064L, -707560116L, 
1627223292L, 1092315890L, -1994587392L, -1361645964L, -1934937080L, 
-126613062L, 538219472L, 2039916012L, -391770220L, 251469522L, 
-172139936L, -1660830388L, -479842016L, 226020994L, 1172497896L, 
2132149228L, -655508932L, -1716124046L, -299066512L, -1807003356L, 
181203512L, 922778010L, 30363088L, 1695649212L, 556422292L, 470136962L, 
1066319296L, -812454084L, -2058313584L, -330224862L, 1006946824L, 
297699596L, 853125532L, -1531254254L, 775311232L, 1193036564L, 
-1370537688L, -1472378822L, -697418800L, 1509518956L, 1727861300L, 
1336174226L, 784448864L, -1482798772L, -1488972832L, -906755678L, 
913119656L, -96577908L, -1856160324L, -1146219918L, -880563216L, 
349782596L, -305205160L, -588143558L, 1617745008L, -1881480132L, 
90326292L, -540161342L, 2042197728L, -1130525572L, 1368885968L, 
-1159853662L, 403127336L, -1041078516L, 1557433788L, -427079886L, 
-1120170304L, -527896524L, 718327496L, 2097629370L, -1787665776L, 
1391705836L, 759855700L, -918212974L, -1774269152L, -459487796L, 
1143025376L, 215286978L, 1838382120L, 441414572L, -945475908L, 
157194226L, 1469471280L, 1795965860L, -902885960L, 1219383130L, 
-2035375984L, 2111082364L, 2089653524L, 334530882L, -390769408L, 
-606789188L, 1710245200L, 384815394L, -395038136L, 39273484L, 
1150259804L, -697063982L, -51577344L, -218662572L, 1628499176L, 
-310830854L, 1574992592L, 1117929260L, -1977203468L, -1307435630L, 
-1938689696L, -967012340L, 2065869024L, 50648674L, -2023747416L, 
976437324L, -612509828L, 755117362L, -1805504912L, -1974913212L, 
-1764955176L, -1722620038L, 274818096L, -1878939716L, -1258849708L, 
-1302792126L, 721315488L, -750120260L, -1259008048L, 1398444386L, 
-1899468056L, 1219112140L, -110171652L, 404222450L, -1585932160L, 
-1559527948L, -119985528L, -592632006L, -1764744880L, -1464090516L, 
478627220L, -1564683182L, -448859680L, -278064948L, 1694849696L, 
-1891051134L, -1260532504L, 1454396140L, 1499453756L, 2001122418L, 
-724902288L, -588011996L, 255780920L, 174306586L, -354742064L, 
924114236L, 1458184084L, 1588404098L, -790978624L, -2125887940L, 
1012312464L, -1459305438L, -1307887352L, -2036435828L, -1438858468L, 
-181962606L, -426841728L, 1102199828L, 2023874344L, -1823742406L, 
-958991920L, -779423380L, 1146566580L, -521937390L, -264059936L, 
1280378316L, 1998087392L, -602992606L, -1026091224L, -1854704116L, 
138474300L, -231509006L, 173312752L, -1902761404L, -570112424L, 
-1704077510L, 788771824L, -471955780L, -2113706732L, -407252798L, 
-75187104L, 1362409852L, 1711118288L, 1220704546L, 2035232424L, 
318479244L, 56343740L, -1505599694L, 773120576L, 1379206324L, 
1377928264L, -1007052358L, 710278672L, -897906452L, 207313236L, 
-1503480046L, -1620109920L, 152369868L, 364328544L, -866934981L, 
-581660020L, -407681254L, 239470991L, -1489131815L, -1572705938L, 
1678963964L, -8647059L, 1266600471L, 711655392L, -1436075074L, 
951392651L, -499152371L, 2064442938L, 1885589112L, -467327455L, 
-997050157L, -2094675980L, -1456009086L, -914159337L, -828211231L, 
1016387878L, 1760245796L, -1333175595L, -1809619329L, 1279518488L, 
-1245419978L, 384612547L, 806999301L, -1366188894L, -44498288L, 
-1977676231L, -897306901L, 1148284892L, -1127058934L, -1717791489L, 
480657737L, -1158958370L, -69951348L, 897316957L, -857835929L, 
1927997328L, 1557523374L, -732581L, 1320128061L, -1035611990L, 
2003661128L, -590580367L, 1341539043L, 1650870756L, -732748526L, 
1715607783L, 1238245041L, -62618378L, 1173911316L, 21381157L, 
562664751L, -1418134808L, -354388026L, 741534323L, -1151583019L, 
-2103558478L, 1728767616L, -920859031L, 127931099L, 1987563052L, 
-1532113350L, 123996399L, 1445368697L, 1584209934L, -2135743012L, 
702596685L, -186841673L, -165422272L, -1691756002L, 1534164203L, 
687752301L, 135902426L, 1723645080L, 1124109057L, 1684304051L, 
204897236L, 2018461410L, 1929033591L, 319781569L, 1356417606L, 
1842333060L, 37247797L, -1630312161L, 1151811704L, 1493613910L, 
-29858845L, -108937819L, -886087614L, 1331940912L, 2109675097L, 
-1307947061L, 1443475516L, 1906900586L, -1163873121L, 1295119657L, 
-279313986L, -568082260L, -1452976643L, 1246649671L, -1747782096L, 
-438460594L, -670379141L, -326511395L, -1844366070L, 719859752L, 
-1258462063L, -442175357L, 13738372L, 383135666L, -1678479097L, 
-1267735727L, -408796458L, 736172980L, 1830167493L, -387353841L, 
911569288L, 1140974758L, 1613509715L, 1908323765L, -59524334L, 
-1348073248L, 1018649929L, -150200453L, 677259852L, 1528214490L, 
-1873159729L, -1481273447L, -529725522L, -720220996L, -1576868563L, 
-540485929L, 1819352864L, -1129596802L, 133774923L, 71963725L, 
1123383930L, -1557114184L, 2066450529L, 370981395L, 1775267892L, 
